  0.0000000e+000 -7.1362403e-002
  1.0000000e-002  2.3188768e-001
  2.0000000e-002  5.7447094e-002
  3.0000000e-002  1.1738704e-001
  4.0000000e-002  1.5431486e-001
  5.0000000e-002 -9.4020832e-003
  6.0000000e-002  2.4841176e-001
  7.0000000e-002 -1.0107033e-003
  8.0000000e-002  1.7233889e-001
  9.0000000e-002 -2.3507188e-001
  1.0000000e-001 -8.8399645e-002
  1.1000000e-001 -2.8712938e-001
  1.2000000e-001 -2.6967953e-001
  1.3000000e-001 -1.7275117e-001
  1.4000000e-001 -9.9165106e-002
  1.5000000e-001  2.4044841e-001
  1.6000000e-001 -1.3027388e-001
  1.7000000e-001 -2.6866437e-001
  1.8000000e-001  5.7376070e-002
  1.9000000e-001 -1.7828444e-001
  2.0000000e-001 -4.0835776e-001
  2.1000000e-001 -8.1339469e-002
  2.2000000e-001 -1.3878917e-001
  2.3000000e-001 -1.1791470e-001
  2.4000000e-001  5.6780170e-001
  2.5000000e-001 -7.1441038e-002
  2.6000000e-001 -5.1901281e-001
  2.7000000e-001 -2.3815510e-002
  2.8000000e-001 -4.2469139e-001
  2.9000000e-001 -1.7716955e-001
  3.0000000e-001  1.7248082e-001
  3.1000000e-001  4.0829219e-002
  3.2000000e-001 -1.3582284e-001
  3.3000000e-001  2.1989614e-001
  3.4000000e-001  8.8064216e-002
  3.5000000e-001 -3.9144565e-001
  3.6000000e-001 -3.0072465e-002
  3.7000000e-001 -3.5331220e-001
  3.8000000e-001  6.1947991e-002
  3.9000000e-001 -1.2222766e-001
  4.0000000e-001 -3.8707117e-001
  4.1000000e-001 -3.3063891e-001
  4.2000000e-001 -4.9189104e-001
  4.3000000e-001 -2.8596373e-001
  4.4000000e-001 -1.4369922e-001
  4.5000000e-001 -3.9606983e-001
  4.6000000e-001 -2.3745319e-001
  4.7000000e-001 -3.0124729e-001
  4.8000000e-001 -1.7905447e-002
  4.9000000e-001 -2.1133276e-001
  5.0000000e-001 -2.7752575e-002
  5.1000000e-001 -4.8626945e-001
  5.2000000e-001 -6.0357035e-001
  5.3000000e-001 -3.7045128e-001
  5.4000000e-001 -2.3311440e-001
  5.5000000e-001 -3.6189028e-001
  5.6000000e-001 -4.5471615e-002
  5.7000000e-001 -1.4564472e-001
  5.8000000e-001 -9.1481789e-002
  5.9000000e-001 -2.8961448e-001
  6.0000000e-001 -5.8642872e-001
  6.1000000e-001 -6.3773834e-002
  6.2000000e-001  8.2707546e-002
  6.3000000e-001  4.6404126e-002
  6.4000000e-001 -4.0677865e-001
  6.5000000e-001  1.0621970e-001
  6.6000000e-001 -2.0874861e-001
  6.7000000e-001 -1.5159560e-002
  6.8000000e-001 -3.8127695e-001
  6.9000000e-001 -1.4490719e-001
  7.0000000e-001 -2.5250332e-001
  7.1000000e-001 -1.4152681e-001
  7.2000000e-001 -4.9232663e-002
  7.3000000e-001  8.6111794e-002
  7.4000000e-001 -1.0769535e-001
  7.5000000e-001 -5.8271825e-003
  7.6000000e-001 -1.5778335e-001
  7.7000000e-001  6.8782301e-002
  7.8000000e-001 -3.1574673e-001
  7.9000000e-001 -2.8192597e-001
  8.0000000e-001 -3.3877543e-001
  8.1000000e-001 -2.0746074e-001
  8.2000000e-001 -9.4566395e-002
  8.3000000e-001 -3.5181367e-001
  8.4000000e-001 -1.0515722e-001
  8.5000000e-001 -5.3156278e-002
  8.6000000e-001 -2.6570217e-001
  8.7000000e-001 -6.6199512e-002
  8.8000000e-001 -2.5233711e-001
  8.9000000e-001 -2.8977226e-001
  9.0000000e-001 -4.4295965e-001
  9.1000000e-001 -5.8102942e-002
  9.2000000e-001 -3.3987592e-001
  9.3000000e-001 -1.8296097e-001
  9.4000000e-001 -3.7136469e-001
  9.5000000e-001 -4.6555011e-001
  9.6000000e-001 -4.0933913e-001
  9.7000000e-001  2.1756531e-001
  9.8000000e-001 -6.7804716e-001
  9.9000000e-001 -1.8583415e-001
  1.0000000e+000  1.3669692e-001
  1.0100000e+000 -3.9150426e-001
  1.0200000e+000 -4.6228716e-001
  1.0300000e+000 -5.5911722e-002
  1.0400000e+000 -1.7880938e-001
  1.0500000e+000 -3.1336919e-001
  1.0600000e+000  2.1992428e-001
  1.0700000e+000  2.2745654e-002
  1.0800000e+000 -2.7655966e-001
  1.0900000e+000 -1.9888089e-001
  1.1000000e+000 -1.6535813e-001
  1.1100000e+000 -1.5687773e-001
  1.1200000e+000 -1.3141700e-002
  1.1300000e+000 -7.2083403e-002
  1.1400000e+000 -2.7418407e-001
  1.1500000e+000  5.5118527e-003
  1.1600000e+000  2.0104604e-002
  1.1700000e+000 -3.0602154e-001
  1.1800000e+000 -2.5493992e-001
  1.1900000e+000  1.4915859e-001
  1.2000000e+000 -1.7502239e-001
  1.2100000e+000  2.7339042e-001
  1.2200000e+000 -1.3057566e-001
  1.2300000e+000 -9.0271197e-002
  1.2400000e+000 -1.5741408e-001
  1.2500000e+000  7.6852320e-002
  1.2600000e+000  1.1633808e-002
  1.2700000e+000 -1.0944215e-001
  1.2800000e+000 -7.5598048e-002
  1.2900000e+000  1.0370154e-001
  1.3000000e+000  9.2388000e-002
  1.3100000e+000 -2.3396977e-001
  1.3200000e+000  2.8442933e-001
  1.3300000e+000  3.0757391e-002
  1.3400000e+000 -2.4689226e-001
  1.3500000e+000  2.5504255e-001
  1.3600000e+000 -8.1752665e-002
  1.3700000e+000  3.5867893e-003
  1.3800000e+000  4.3119674e-003
  1.3900000e+000  5.9377171e-002
  1.4000000e+000 -1.3205937e-001
  1.4100000e+000  2.7181969e-001
  1.4200000e+000 -2.3137820e-002
  1.4300000e+000 -1.6148177e-002
  1.4400000e+000  1.9659512e-001
  1.4500000e+000 -8.8955945e-004
  1.4600000e+000 -1.8974252e-003
  1.4700000e+000  1.6348338e-001
  1.4800000e+000  7.4043462e-002
  1.4900000e+000  1.1353539e-001
  1.5000000e+000  2.0852495e-001
  1.5100000e+000  1.4817106e-001
  1.5200000e+000  1.0258928e-001
  1.5300000e+000 -8.2143065e-002
  1.5400000e+000  1.5405922e-001
  1.5500000e+000  2.2176164e-001
  1.5600000e+000  1.6090979e-001
  1.5700000e+000  8.9374929e-002
  1.5800000e+000  1.8179363e-001
  1.5900000e+000  3.9823044e-001
  1.6000000e+000 -2.8043144e-001
  1.6100000e+000 -1.5461629e-001
  1.6200000e+000  3.0807164e-001
  1.6300000e+000  1.6275246e-001
  1.6400000e+000 -8.8393708e-002
  1.6500000e+000  3.2967910e-002
  1.6600000e+000  2.1132302e-001
  1.6700000e+000  3.9712580e-001
  1.6800000e+000  1.1154256e-001
  1.6900000e+000  1.2670323e-001
  1.7000000e+000  2.7277255e-001
  1.7100000e+000  4.6411048e-001
  1.7200000e+000  1.6053545e-001
  1.7300000e+000  4.9620708e-002
  1.7400000e+000  1.0280290e-002
  1.7500000e+000  3.8495385e-001
  1.7600000e+000  1.0846053e-001
  1.7700000e+000  3.1449284e-002
  1.7800000e+000  3.9229620e-001
  1.7900000e+000  3.4744027e-001
  1.8000000e+000  6.4011675e-001
  1.8100000e+000  2.1818400e-001
  1.8200000e+000  2.2678416e-002
  1.8300000e+000  3.2248424e-001
  1.8400000e+000 -7.1208927e-003
  1.8500000e+000  1.2477590e-001
  1.8600000e+000  1.8603801e-001
  1.8700000e+000  3.9869435e-001
  1.8800000e+000  1.6837893e-001
  1.8900000e+000  2.2752039e-001
  1.9000000e+000  6.8103270e-001
  1.9100000e+000  3.9909869e-001
  1.9200000e+000  2.9470630e-001
  1.9300000e+000  3.2730619e-001
  1.9400000e+000  2.7589880e-001
  1.9500000e+000  5.0830043e-001
  1.9600000e+000  4.0538684e-001
  1.9700000e+000  2.2566779e-001
  1.9800000e+000  5.1193889e-001
  1.9900000e+000  3.4123469e-001
  2.0000000e+000  3.9650125e-001
  2.0100000e+000  3.3568472e-001
  2.0200000e+000  2.6054063e-001
  2.0300000e+000  2.4365716e-001
  2.0400000e+000  4.0310695e-001
  2.0500000e+000  4.0748164e-001
  2.0600000e+000  3.6739836e-001
  2.0700000e+000  4.0637499e-001
  2.0800000e+000  6.1304864e-002
  2.0900000e+000  2.5842756e-001
  2.1000000e+000  7.1815903e-001
  2.1100000e+000  2.2660106e-001
  2.1200000e+000  1.1268616e-001
  2.1300000e+000  3.8311519e-001
  2.1400000e+000  1.7138739e-001
  2.1500000e+000  1.9726744e-001
  2.1600000e+000  1.6182799e-001
  2.1700000e+000  3.2374768e-001
  2.1800000e+000  3.4316747e-001
  2.1900000e+000  3.1274705e-001
  2.2000000e+000  3.8260617e-001
  2.2100000e+000  6.3918321e-001
  2.2200000e+000  2.0204299e-001
  2.2300000e+000  9.3218382e-001
  2.2400000e+000  5.1573289e-001
  2.2500000e+000  1.4013906e-001
  2.2600000e+000  6.1590098e-001
  2.2700000e+000  4.8188590e-001
  2.2800000e+000  4.1028126e-001
  2.2900000e+000  7.0222931e-001
  2.3000000e+000  8.2397339e-001
  2.3100000e+000  3.7665719e-001
  2.3200000e+000  4.7042030e-001
  2.3300000e+000  7.1932671e-001
  2.3400000e+000  6.3939515e-001
  2.3500000e+000  1.0010608e+000
  2.3600000e+000  2.9574811e-001
  2.3700000e+000  5.4941132e-001
  2.3800000e+000  8.0999826e-002
  2.3900000e+000  7.9178995e-001
  2.4000000e+000  7.2831852e-001
  2.4100000e+000  4.5255740e-001
  2.4200000e+000  1.8784538e-001
  2.4300000e+000  4.7841165e-001
  2.4400000e+000  4.8848131e-001
  2.4500000e+000  4.4139299e-001
  2.4600000e+000  6.8681043e-001
  2.4700000e+000  1.8771079e-001
  2.4800000e+000  7.0212467e-001
  2.4900000e+000  8.3988091e-001
  2.5000000e+000  7.9008636e-001
  2.5100000e+000  7.1964278e-001
  2.5200000e+000  4.9127845e-001
  2.5300000e+000  2.1767819e-001
  2.5400000e+000  7.9374260e-001
  2.5500000e+000  4.9570155e-001
  2.5600000e+000  2.2178936e-001
  2.5700000e+000  1.3060303e-001
  2.5800000e+000  5.5375287e-001
  2.5900000e+000  6.7734329e-002
  2.6000000e+000  7.1836500e-001
  2.6100000e+000  5.9970392e-001
  2.6200000e+000  5.7723451e-001
  2.6300000e+000  3.9061649e-001
  2.6400000e+000  4.5533833e-001
  2.6500000e+000  5.6906460e-001
  2.6600000e+000  7.0156641e-001
  2.6700000e+000  8.4933269e-001
  2.6800000e+000  5.5313139e-001
  2.6900000e+000  6.3022679e-001
  2.7000000e+000  2.5124118e-001
  2.7100000e+000  4.9403378e-001
  2.7200000e+000  9.8291236e-001
  2.7300000e+000  8.3286710e-001
  2.7400000e+000  4.5372700e-001
  2.7500000e+000  8.0926046e-001
  2.7600000e+000  8.4203683e-001
  2.7700000e+000  3.7868653e-001
  2.7800000e+000  6.7804115e-001
  2.7900000e+000  8.0154712e-001
  2.8000000e+000  4.2862663e-001
  2.8100000e+000  8.5919759e-001
  2.8200000e+000  1.0017074e+000
  2.8300000e+000  7.3928536e-001
  2.8400000e+000  8.8489056e-001
  2.8500000e+000  5.2891451e-001
  2.8600000e+000  8.8222579e-001
  2.8700000e+000  5.9182876e-001
  2.8800000e+000  4.5919850e-001
  2.8900000e+000  8.7194016e-001
  2.9000000e+000  5.0791969e-001
  2.9100000e+000  6.9871350e-001
  2.9200000e+000  6.2412182e-001
  2.9300000e+000  5.3617391e-001
  2.9400000e+000  7.0721562e-001
  2.9500000e+000  8.7580319e-001
  2.9600000e+000  5.6340703e-001
  2.9700000e+000  5.3846646e-001
  2.9800000e+000  1.1551900e-001
  2.9900000e+000  1.0335162e+000
  3.0000000e+000  8.6923103e-001
  3.0100000e+000  8.2305925e-001
  3.0200000e+000  5.9122203e-001
  3.0300000e+000  6.4389359e-001
  3.0400000e+000  8.4346050e-001
  3.0500000e+000  9.2379702e-001
  3.0600000e+000  6.6692295e-001
  3.0700000e+000  9.6021694e-001
  3.0800000e+000  8.4042488e-001
  3.0900000e+000  8.6129962e-001
  3.1000000e+000  4.4590217e-001
  3.1100000e+000  8.5247295e-001
  3.1200000e+000  1.0296957e+000
  3.1300000e+000  9.1046570e-001
  3.1400000e+000  7.6753604e-001
  3.1500000e+000  1.0835468e+000
  3.1600000e+000  7.6479070e-001
  3.1700000e+000  8.0854825e-001
  3.1800000e+000  5.0428651e-001
  3.1900000e+000  4.9518046e-001
  3.2000000e+000  8.8879466e-001
  3.2100000e+000  4.7742808e-001
  3.2200000e+000  6.8969461e-001
  3.2300000e+000  7.0207333e-001
  3.2400000e+000  7.6859232e-001
  3.2500000e+000  8.4958601e-001
  3.2600000e+000  8.6925455e-001
  3.2700000e+000  8.8106321e-001
  3.2800000e+000  7.9527566e-001
  3.2900000e+000  7.3387057e-001
  3.3000000e+000  5.2293150e-001
  3.3100000e+000  9.4973573e-001
  3.3200000e+000  1.0476327e+000
  3.3300000e+000  1.0666598e+000
  3.3400000e+000  8.8378952e-001
  3.3500000e+000  1.3245772e+000
  3.3600000e+000  3.8617787e-001
  3.3700000e+000  7.6814427e-001
  3.3800000e+000  1.1225261e+000
  3.3900000e+000  7.5548740e-001
  3.4000000e+000  1.0398862e+000
  3.4100000e+000  9.3596218e-001
  3.4200000e+000  7.0937756e-001
  3.4300000e+000  9.7068684e-001
  3.4400000e+000  3.0294821e-001
  3.4500000e+000  9.7424898e-001
  3.4600000e+000  1.1598939e+000
  3.4700000e+000  9.2835262e-001
  3.4800000e+000  7.2306553e-001
  3.4900000e+000  8.7543775e-001
  3.5000000e+000  6.6563085e-001
  3.5100000e+000  7.1231400e-001
  3.5200000e+000  9.6521226e-001
  3.5300000e+000  9.3925839e-001
  3.5400000e+000  6.6828151e-001
  3.5500000e+000  8.5527429e-001
  3.5600000e+000  5.8829098e-001
  3.5700000e+000  8.3827015e-001
  3.5800000e+000  5.0762154e-001
  3.5900000e+000  8.1076476e-001
  3.6000000e+000  7.7949357e-001
  3.6100000e+000  1.1255187e+000
  3.6200000e+000  8.6140055e-001
  3.6300000e+000  4.8049479e-001
  3.6400000e+000  7.2851633e-001
  3.6500000e+000  8.7746756e-001
  3.6600000e+000  6.8899574e-001
  3.6700000e+000  1.3213689e+000
  3.6800000e+000  8.7648464e-001
  3.6900000e+000  6.5878338e-001
  3.7000000e+000  7.4737082e-001
  3.7100000e+000  7.2886196e-001
  3.7200000e+000  8.9903467e-001
  3.7300000e+000  8.1177614e-001
  3.7400000e+000  8.0292279e-001
  3.7500000e+000  7.1954396e-001
  3.7600000e+000  9.2861642e-001
  3.7700000e+000  1.2503816e+000
  3.7800000e+000  1.1839483e+000
  3.7900000e+000  5.1531031e-001
  3.8000000e+000  1.0974835e+000
  3.8100000e+000  1.2768132e+000
  3.8200000e+000  9.9364074e-001
  3.8300000e+000  7.4416100e-001
  3.8400000e+000  9.5361545e-001
  3.8500000e+000  8.8088226e-001
  3.8600000e+000  1.0888433e+000
  3.8700000e+000  1.0380545e+000
  3.8800000e+000  1.0471356e+000
  3.8900000e+000  1.0033417e+000
  3.9000000e+000  1.1587647e+000
  3.9100000e+000  8.9658706e-001
  3.9200000e+000  8.2143762e-001
  3.9300000e+000  8.6671886e-001
  3.9400000e+000  9.7904026e-001
  3.9500000e+000  9.3810334e-001
  3.9600000e+000  1.2574179e+000
  3.9700000e+000  9.7392152e-001
  3.9800000e+000  9.8269577e-001
  3.9900000e+000  9.4274907e-001
  4.0000000e+000  1.0671049e+000
  4.0100000e+000  8.6391539e-001
  4.0200000e+000  1.0674245e+000
  4.0300000e+000  9.3344793e-001
  4.0400000e+000  8.2361153e-001
  4.0500000e+000  9.6176389e-001
  4.0600000e+000  1.1431606e+000
  4.0700000e+000  6.9295127e-001
  4.0800000e+000  1.1143582e+000
  4.0900000e+000  7.8774464e-001
  4.1000000e+000  1.1064293e+000
  4.1100000e+000  1.0176740e+000
  4.1200000e+000  8.4997438e-001
  4.1300000e+000  4.8463420e-001
  4.1400000e+000  9.7973627e-001
  4.1500000e+000  9.9052548e-001
  4.1600000e+000  9.8125938e-001
  4.1700000e+000  9.5780183e-001
  4.1800000e+000  8.3558897e-001
  4.1900000e+000  1.0392683e+000
  4.2000000e+000  6.7037362e-001
  4.2100000e+000  9.1533848e-001
  4.2200000e+000  6.6072387e-001
  4.2300000e+000  8.4345219e-001
  4.2400000e+000  8.6346457e-001
  4.2500000e+000  7.2518281e-001
  4.2600000e+000  1.0202827e+000
  4.2700000e+000  1.2844338e+000
  4.2800000e+000  1.1609435e+000
  4.2900000e+000  8.6013094e-001
  4.3000000e+000  4.3830947e-001
  4.3100000e+000  8.5268417e-001
  4.3200000e+000  9.6925672e-001
  4.3300000e+000  8.3148110e-001
  4.3400000e+000  9.4055398e-001
  4.3500000e+000  5.9383682e-001
  4.3600000e+000  7.2285390e-001
  4.3700000e+000  8.2356677e-001
  4.3800000e+000  1.1850365e+000
  4.3900000e+000  9.1142420e-001
  4.4000000e+000  1.1305373e+000
  4.4100000e+000  9.3861322e-001
  4.4200000e+000  6.6185976e-001
  4.4300000e+000  7.7360714e-001
  4.4400000e+000  8.3641651e-001
  4.4500000e+000  7.0261455e-001
  4.4600000e+000  1.1840537e+000
  4.4700000e+000  1.1749075e+000
  4.4800000e+000  1.0182275e+000
  4.4900000e+000  8.0274645e-001
  4.5000000e+000  8.4139436e-001
  4.5100000e+000  1.1099007e+000
  4.5200000e+000  9.7441857e-001
  4.5300000e+000  1.1383251e+000
  4.5400000e+000  6.9849967e-001
  4.5500000e+000  6.2343195e-001
  4.5600000e+000  8.4743361e-001
  4.5700000e+000  6.9429530e-001
  4.5800000e+000  1.2964496e+000
  4.5900000e+000  9.9880295e-001
  4.6000000e+000  1.1333912e+000
  4.6100000e+000  9.4097128e-001
  4.6200000e+000  6.7952695e-001
  4.6300000e+000  1.2708431e+000
  4.6400000e+000  8.1448330e-001
  4.6500000e+000  6.5602072e-001
  4.6600000e+000  5.2144838e-001
  4.6700000e+000  9.8352883e-001
  4.6800000e+000  8.1421743e-001
  4.6900000e+000  5.5801981e-001
  4.7000000e+000  8.4511115e-001
  4.7100000e+000  6.7322596e-001
  4.7200000e+000  1.3666521e+000
  4.7300000e+000  6.7166282e-001
  4.7400000e+000  9.1202834e-001
  4.7500000e+000  9.9462939e-001
  4.7600000e+000  8.5453873e-001
  4.7700000e+000  8.6703394e-001
  4.7800000e+000  1.0372516e+000
  4.7900000e+000  1.0963781e+000
  4.8000000e+000  8.1572978e-001
  4.8100000e+000  9.4288551e-001
  4.8200000e+000  8.9526129e-001
  4.8300000e+000  1.1384038e+000
  4.8400000e+000  7.0564966e-001
  4.8500000e+000  8.2457080e-001
  4.8600000e+000  8.0809933e-001
  4.8700000e+000  1.1178106e+000
  4.8800000e+000  5.4614367e-001
  4.8900000e+000  9.5750191e-001
  4.9000000e+000  9.1145451e-001
  4.9100000e+000  5.1968800e-001
  4.9200000e+000  1.1529601e+000
  4.9300000e+000  3.0119169e-001
  4.9400000e+000  1.2470163e+000
  4.9500000e+000  6.1557077e-001
  4.9600000e+000  7.2566801e-001
  4.9700000e+000  9.2737813e-001
  4.9800000e+000  1.3145997e+000
  4.9900000e+000  9.5764137e-001
  5.0000000e+000  1.0515581e+000
  5.0100000e+000  1.1584768e+000
  5.0200000e+000  5.1727537e-001
  5.0300000e+000  5.6755057e-001
  5.0400000e+000  8.5426015e-001
  5.0500000e+000  7.2494627e-001
  5.0600000e+000  8.1429292e-001
  5.0700000e+000  7.1696465e-001
  5.0800000e+000  1.1677558e+000
  5.0900000e+000  9.2084053e-001
  5.1000000e+000  6.7194646e-001
  5.1100000e+000  8.8766809e-001
  5.1200000e+000  8.2894632e-001
  5.1300000e+000  7.5677656e-001
  5.1400000e+000  4.3115882e-001
  5.1500000e+000  7.8773968e-001
  5.1600000e+000  9.0350750e-001
  5.1700000e+000  7.0158327e-001
  5.1800000e+000  8.0332008e-001
  5.1900000e+000  9.9478293e-001
  5.2000000e+000  8.4822743e-001
  5.2100000e+000  8.9045812e-001
  5.2200000e+000  7.8427602e-001
  5.2300000e+000  1.0462605e+000
  5.2400000e+000  9.0204002e-001
  5.2500000e+000  1.0238037e+000
  5.2600000e+000  1.0796541e+000
  5.2700000e+000  4.0342356e-001
  5.2800000e+000  7.3139621e-001
  5.2900000e+000  8.6065692e-001
  5.3000000e+000  8.2820369e-001
  5.3100000e+000  8.8916802e-001
  5.3200000e+000  9.4233701e-001
  5.3300000e+000  1.1176297e+000
  5.3400000e+000  8.2011015e-001
  5.3500000e+000  8.4386299e-001
  5.3600000e+000  8.4570760e-001
  5.3700000e+000  9.0194424e-001
  5.3800000e+000  1.0163904e+000
  5.3900000e+000  8.3540909e-001
  5.4000000e+000  5.5197244e-001
  5.4100000e+000  9.4595069e-001
  5.4200000e+000  6.8196018e-001
  5.4300000e+000  8.8465154e-001
  5.4400000e+000  7.8033689e-001
  5.4500000e+000  5.2269529e-001
  5.4600000e+000  1.3953618e+000
  5.4700000e+000  8.5444702e-001
  5.4800000e+000  6.5742869e-001
  5.4900000e+000  8.1306477e-001
  5.5000000e+000  4.5016962e-001
  5.5100000e+000  9.1664600e-001
  5.5200000e+000  9.7292465e-001
  5.5300000e+000  1.0678149e+000
  5.5400000e+000  5.0006346e-001
  5.5500000e+000  8.8536163e-001
  5.5600000e+000  1.0607329e+000
  5.5700000e+000  7.9795771e-001
  5.5800000e+000  8.3875650e-001
  5.5900000e+000  7.4613523e-001
  5.6000000e+000  7.4917433e-001
  5.6100000e+000  6.1501923e-001
  5.6200000e+000  6.9482557e-001
  5.6300000e+000  1.0437026e+000
  5.6400000e+000  5.6454697e-001
  5.6500000e+000  5.1907212e-001
  5.6600000e+000  8.2229614e-001
  5.6700000e+000  1.0001275e+000
  5.6800000e+000  5.8864802e-001
  5.6900000e+000  8.2186729e-001
  5.7000000e+000  7.9245284e-001
  5.7100000e+000  9.9609944e-001
  5.7200000e+000  1.0096615e+000
  5.7300000e+000  9.5070208e-001
  5.7400000e+000  5.7606076e-001
  5.7500000e+000  6.6459348e-001
  5.7600000e+000  7.8753301e-001
  5.7700000e+000  4.2671129e-001
  5.7800000e+000  1.3536543e+000
  5.7900000e+000  7.5097798e-001
  5.8000000e+000  6.3046410e-001
  5.8100000e+000  5.9394098e-001
  5.8200000e+000  8.3308957e-001
  5.8300000e+000  7.2470060e-001
  5.8400000e+000  4.5391415e-001
  5.8500000e+000  4.3556026e-001
  5.8600000e+000  7.9286565e-001
  5.8700000e+000  4.3656105e-001
  5.8800000e+000  7.8349692e-001
  5.8900000e+000  6.1799825e-001
  5.9000000e+000  6.2037311e-001
  5.9100000e+000  9.8238550e-001
  5.9200000e+000  5.3923154e-001
  5.9300000e+000  1.5655659e-001
  5.9400000e+000  9.0891140e-001
  5.9500000e+000  8.2637082e-001
  5.9600000e+000  4.0910029e-001
  5.9700000e+000  8.8544225e-001
  5.9800000e+000  7.2423991e-001
  5.9900000e+000  6.0989314e-001
  6.0000000e+000  8.4410986e-001
  6.0100000e+000  6.3755078e-001
  6.0200000e+000  6.9859078e-001
  6.0300000e+000  3.8251928e-001
  6.0400000e+000  5.8148957e-001
  6.0500000e+000  2.6032199e-001
  6.0600000e+000  7.1061140e-001
  6.0700000e+000  7.3265260e-001
  6.0800000e+000  7.0769087e-001
  6.0900000e+000  8.6515489e-001
  6.1000000e+000  6.6327629e-001
  6.1100000e+000  2.0986840e-001
  6.1200000e+000  7.4248884e-001
  6.1300000e+000  7.8847392e-001
  6.1400000e+000  7.7863423e-001
  6.1500000e+000  5.6356985e-001
  6.1600000e+000  1.1466019e+000
  6.1700000e+000  7.0499865e-001
  6.1800000e+000  7.3885019e-001
  6.1900000e+000  6.3063866e-001
  6.2000000e+000  9.4019494e-001
  6.2100000e+000  7.8471831e-001
  6.2200000e+000  5.9025083e-001
  6.2300000e+000  9.6442244e-001
  6.2400000e+000  3.3782294e-001
  6.2500000e+000  4.6010692e-001
  6.2600000e+000  5.0764983e-001
  6.2700000e+000  7.7639412e-001
  6.2800000e+000  6.8522523e-001
  6.2900000e+000  3.7425735e-001
  6.3000000e+000  7.6103008e-001
  6.3100000e+000  1.2469141e+000
  6.3200000e+000  1.1766540e+000
  6.3300000e+000  8.9673242e-001
  6.3400000e+000  8.2106586e-001
  6.3500000e+000  6.3671004e-001
  6.3600000e+000  6.0341363e-001
  6.3700000e+000  7.4764486e-001
  6.3800000e+000  9.0470111e-001
  6.3900000e+000  8.8102096e-001
  6.4000000e+000  8.2187880e-001
  6.4100000e+000  6.6176602e-001
  6.4200000e+000  9.4583016e-001
  6.4300000e+000  6.0778814e-001
  6.4400000e+000  9.1334730e-001
  6.4500000e+000  9.2363819e-001
  6.4600000e+000  1.1079005e+000
  6.4700000e+000  4.5676979e-001
  6.4800000e+000  7.3943977e-001
  6.4900000e+000  8.4402357e-001
  6.5000000e+000  5.9365576e-001
  6.5100000e+000  8.7399615e-001
  6.5200000e+000  8.7315426e-001
  6.5300000e+000  5.7363966e-001
  6.5400000e+000  1.0563995e+000
  6.5500000e+000  5.9274878e-001
  6.5600000e+000  6.2069824e-001
  6.5700000e+000  7.0675421e-001
  6.5800000e+000  9.0890072e-001
  6.5900000e+000  6.6223733e-001
  6.6000000e+000  3.8246120e-001
  6.6100000e+000  7.9459417e-001
  6.6200000e+000  6.0217374e-001
  6.6300000e+000  3.7955582e-001
  6.6400000e+000  4.6582952e-001
  6.6500000e+000  5.9483314e-001
  6.6600000e+000  7.7413255e-001
  6.6700000e+000  9.0863184e-001
  6.6800000e+000  7.8574490e-001
  6.6900000e+000  8.3287795e-001
  6.7000000e+000  7.8873670e-001
  6.7100000e+000  6.7031143e-001
  6.7200000e+000  1.0383489e+000
  6.7300000e+000  8.3919439e-001
  6.7400000e+000  1.0356188e+000
  6.7500000e+000  5.0952339e-001
  6.7600000e+000  7.9921594e-001
  6.7700000e+000  7.9471488e-001
  6.7800000e+000  4.4656222e-001
  6.7900000e+000  7.3844100e-001
  6.8000000e+000  5.8047013e-001
  6.8100000e+000  5.0418230e-001
  6.8200000e+000  5.7387604e-001
  6.8300000e+000  8.5805173e-001
  6.8400000e+000  6.2185929e-001
  6.8500000e+000  6.9489611e-001
  6.8600000e+000  9.6851552e-001
  6.8700000e+000  8.0840500e-001
  6.8800000e+000  9.1261165e-001
  6.8900000e+000  7.4756681e-001
  6.9000000e+000  3.6245679e-001
  6.9100000e+000  5.7789466e-001
  6.9200000e+000  6.0809888e-001
  6.9300000e+000  8.4269566e-001
  6.9400000e+000  8.9157262e-001
  6.9500000e+000  5.2197475e-001
  6.9600000e+000  7.8321569e-001
  6.9700000e+000  4.6817363e-001
  6.9800000e+000  6.7701392e-001
  6.9900000e+000  4.1059390e-001
  7.0000000e+000  1.0143608e+000
  7.0100000e+000  1.0811360e+000
  7.0200000e+000  9.3998971e-001
  7.0300000e+000  7.6730048e-001
  7.0400000e+000  3.2272723e-001
  7.0500000e+000  9.0408862e-001
  7.0600000e+000  3.3304063e-001
  7.0700000e+000  7.0752159e-001
  7.0800000e+000  4.1726025e-001
  7.0900000e+000  6.4217863e-001
  7.1000000e+000  7.5861041e-001
  7.1100000e+000  8.9568310e-001
  7.1200000e+000  9.9282522e-001
  7.1300000e+000  1.1312114e+000
  7.1400000e+000  5.5399452e-001
  7.1500000e+000  4.7128064e-001
  7.1600000e+000  8.3379982e-001
  7.1700000e+000  3.6682621e-001
  7.1800000e+000  8.5249412e-001
  7.1900000e+000  1.1803336e+000
  7.2000000e+000  7.5451460e-001
  7.2100000e+000  5.7327029e-001
  7.2200000e+000  7.5964803e-001
  7.2300000e+000  1.3154926e-001
  7.2400000e+000  9.1907944e-001
  7.2500000e+000  6.8029914e-001
  7.2600000e+000  1.0596093e+000
  7.2700000e+000  6.8767816e-001
  7.2800000e+000  7.4669093e-001
  7.2900000e+000  1.2731602e+000
  7.3000000e+000  3.5927528e-001
  7.3100000e+000  3.6559712e-001
  7.3200000e+000  5.9843895e-001
  7.3300000e+000  7.2203180e-001
  7.3400000e+000  8.2297698e-001
  7.3500000e+000  8.9364088e-001
  7.3600000e+000  8.5604331e-001
  7.3700000e+000  7.1783773e-001
  7.3800000e+000  8.7168277e-001
  7.3900000e+000  2.1635282e-001
  7.4000000e+000  6.9481634e-001
  7.4100000e+000  8.5979749e-001
  7.4200000e+000  9.7585704e-001
  7.4300000e+000  1.0166831e+000
  7.4400000e+000  5.7984074e-001
  7.4500000e+000  6.3439082e-001
  7.4600000e+000  8.9860344e-001
  7.4700000e+000  3.1770532e-001
  7.4800000e+000  5.2424851e-001
  7.4900000e+000  7.5785306e-001
  7.5000000e+000  8.1995985e-001
  7.5100000e+000  8.7418536e-001
  7.5200000e+000  9.0836278e-001
  7.5300000e+000  1.0467529e+000
  7.5400000e+000  1.0094912e+000
  7.5500000e+000  5.6777425e-001
  7.5600000e+000  6.1299968e-001
  7.5700000e+000  6.3848310e-001
  7.5800000e+000  7.1168686e-001
  7.5900000e+000  7.4463911e-001
  7.6000000e+000  6.9081725e-001
  7.6100000e+000  8.0806369e-001
  7.6200000e+000  9.5551513e-001
  7.6300000e+000  6.3222720e-001
  7.6400000e+000  4.2269365e-001
  7.6500000e+000  5.2080773e-001
  7.6600000e+000  6.4252522e-001
  7.6700000e+000  4.6377085e-001
  7.6800000e+000  7.0778050e-001
  7.6900000e+000  4.8929430e-001
  7.7000000e+000  4.2903715e-001
  7.7100000e+000  6.3086941e-001
  7.7200000e+000  1.0055050e+000
  7.7300000e+000  9.2131160e-001
  7.7400000e+000  5.8632188e-001
  7.7500000e+000  1.1511053e+000
  7.7600000e+000  6.1539678e-001
  7.7700000e+000  8.6404868e-001
  7.7800000e+000  7.0411501e-001
  7.7900000e+000  3.7276612e-001
  7.8000000e+000  6.4604334e-001
  7.8100000e+000  6.4814713e-001
  7.8200000e+000  9.2271699e-001
  7.8300000e+000  6.4004392e-001
  7.8400000e+000  6.0339987e-001
  7.8500000e+000  4.5344193e-001
  7.8600000e+000  6.3648173e-001
  7.8700000e+000  9.0235241e-001
  7.8800000e+000  1.0327606e+000
  7.8900000e+000  9.8543970e-001
  7.9000000e+000  2.3531368e-001
  7.9100000e+000  6.8720272e-001
  7.9200000e+000  8.2438361e-001
  7.9300000e+000  7.7341083e-001
  7.9400000e+000  5.9531169e-001
  7.9500000e+000  5.6440074e-001
  7.9600000e+000  6.1865881e-001
  7.9700000e+000  4.7271748e-001
  7.9800000e+000  4.9679130e-001
  7.9900000e+000  1.0864000e+000
  8.0000000e+000  5.2471091e-001
  8.0100000e+000  5.4313960e-001
  8.0200000e+000  8.4779890e-001
  8.0300000e+000  8.0735955e-001
  8.0400000e+000  5.9871679e-001
  8.0500000e+000  7.4973265e-001
  8.0600000e+000  7.8441767e-001
  8.0700000e+000  8.8033832e-001
  8.0800000e+000  5.4288139e-001
  8.0900000e+000  6.3307322e-001
  8.1000000e+000  8.2022645e-001
  8.1100000e+000  1.0964411e+000
  8.1200000e+000  5.5520852e-001
  8.1300000e+000  9.7627411e-001
  8.1400000e+000  4.5236352e-001
  8.1500000e+000  7.7658037e-001
  8.1600000e+000  1.0483893e+000
  8.1700000e+000  5.8698895e-001
  8.1800000e+000  6.7930628e-001
  8.1900000e+000  8.8698065e-001
  8.2000000e+000  8.1915267e-001
  8.2100000e+000  6.4751880e-001
  8.2200000e+000  8.7324039e-001
  8.2300000e+000  8.1472322e-001
  8.2400000e+000  9.6203446e-001
  8.2500000e+000  4.8598266e-001
  8.2600000e+000  6.6674235e-001
  8.2700000e+000  5.8653343e-001
  8.2800000e+000  5.7910009e-001
  8.2900000e+000  6.6410020e-001
  8.3000000e+000  4.4277642e-001
  8.3100000e+000  5.6127674e-001
  8.3200000e+000  6.2615995e-001
  8.3300000e+000  4.7057619e-001
  8.3400000e+000  8.0997755e-001
  8.3500000e+000  8.0404919e-001
  8.3600000e+000  7.8528727e-001
  8.3700000e+000  7.4264513e-001
  8.3800000e+000  6.0329850e-001
  8.3900000e+000  1.0334397e+000
  8.4000000e+000  7.9814898e-001
  8.4100000e+000  7.9734841e-001
  8.4200000e+000  6.0012593e-001
  8.4300000e+000  6.5794797e-001
  8.4400000e+000  6.4821239e-001
  8.4500000e+000  6.7622188e-001
  8.4600000e+000  6.8219733e-001
  8.4700000e+000  9.0048151e-001
  8.4800000e+000  9.2605302e-001
  8.4900000e+000  1.0079715e+000
  8.5000000e+000  9.7957201e-001
  8.5100000e+000  5.5185576e-001
  8.5200000e+000  8.1870721e-001
  8.5300000e+000  6.8664128e-001
  8.5400000e+000  4.3915213e-001
  8.5500000e+000  6.7132353e-001
  8.5600000e+000  9.3263161e-001
  8.5700000e+000  8.4020791e-001
  8.5800000e+000  3.5722245e-001
  8.5900000e+000  6.6059238e-001
  8.6000000e+000  9.5575002e-001
  8.6100000e+000  8.1473282e-001
  8.6200000e+000  6.5822684e-001
  8.6300000e+000  7.0033652e-001
  8.6400000e+000  8.1411102e-001
  8.6500000e+000  1.0908381e+000
  8.6600000e+000  4.1172799e-001
  8.6700000e+000  5.0134630e-001
  8.6800000e+000  8.2158462e-001
  8.6900000e+000  3.6288928e-001
  8.7000000e+000  8.5145824e-001
  8.7100000e+000  8.1262637e-001
  8.7200000e+000  1.2032736e+000
  8.7300000e+000  5.9051556e-001
  8.7400000e+000  5.4091361e-001
  8.7500000e+000  5.2273960e-001
  8.7600000e+000  5.9395507e-001
  8.7700000e+000  5.4511932e-001
  8.7800000e+000  6.6483007e-001
  8.7900000e+000  4.2534138e-001
  8.8000000e+000  7.2464685e-001
  8.8100000e+000  7.5349780e-001
  8.8200000e+000  6.3634435e-001
  8.8300000e+000  4.2225020e-001
  8.8400000e+000  6.4035386e-001
  8.8500000e+000  1.0635987e+000
  8.8600000e+000  5.0361905e-001
  8.8700000e+000  5.4847608e-001
  8.8800000e+000  2.4730728e-001
  8.8900000e+000  9.2465188e-001
  8.9000000e+000  7.6410803e-001
  8.9100000e+000  7.7436341e-001
  8.9200000e+000  6.2031754e-001
  8.9300000e+000  8.5701296e-001
  8.9400000e+000  6.3004436e-001
  8.9500000e+000  9.4015916e-001
  8.9600000e+000  4.9452155e-001
  8.9700000e+000  2.6777869e-001
  8.9800000e+000  6.5573390e-001
  8.9900000e+000  6.5517900e-001
  9.0000000e+000  7.0928884e-001
  9.0100000e+000  8.3927897e-001
  9.0200000e+000  6.9263097e-001
  9.0300000e+000  7.5271710e-001
  9.0400000e+000  7.6912798e-001
  9.0500000e+000  1.1294943e+000
  9.0600000e+000  9.9128715e-001
  9.0700000e+000  3.7804443e-001
  9.0800000e+000  5.5166487e-001
  9.0900000e+000  7.3200166e-001
  9.1000000e+000  8.5663438e-001
  9.1100000e+000  8.9155538e-001
  9.1200000e+000  8.0407318e-001
  9.1300000e+000  7.1099086e-001
  9.1400000e+000  8.4539094e-001
  9.1500000e+000  9.6304545e-001
  9.1600000e+000  6.6323403e-001
  9.1700000e+000  7.1625819e-001
  9.1800000e+000  9.4649355e-001
  9.1900000e+000  8.2250813e-001
  9.2000000e+000  6.8982328e-001
  9.2100000e+000  8.0585207e-001
  9.2200000e+000  4.0448615e-001
  9.2300000e+000  6.4507548e-001
  9.2400000e+000  6.3339056e-001
  9.2500000e+000  9.2155756e-001
  9.2600000e+000  9.3850977e-001
  9.2700000e+000  9.8188175e-001
  9.2800000e+000  1.2264160e+000
  9.2900000e+000  4.8495559e-001
  9.3000000e+000  1.0012414e+000
  9.3100000e+000  5.6356154e-001
  9.3200000e+000  6.6545471e-001
  9.3300000e+000  1.0655987e+000
  9.3400000e+000  6.8004823e-001
  9.3500000e+000  8.9569216e-001
  9.3600000e+000  5.3380450e-001
  9.3700000e+000  7.0831477e-001
  9.3800000e+000  1.0394741e+000
  9.3900000e+000  6.0273038e-001
  9.4000000e+000  4.4261318e-001
  9.4100000e+000  4.7601853e-001
  9.4200000e+000  7.8809220e-001
  9.4300000e+000  4.8653476e-001
  9.4400000e+000  8.6225326e-001
  9.4500000e+000  3.5016250e-001
  9.4600000e+000  8.6282169e-001
  9.4700000e+000  5.5003129e-001
  9.4800000e+000  6.4178734e-001
  9.4900000e+000  6.6078172e-001
  9.5000000e+000  4.2225990e-001
  9.5100000e+000  7.1740165e-001
  9.5200000e+000  8.9751391e-001
  9.5300000e+000  8.2323847e-001
  9.5400000e+000  8.5856434e-001
  9.5500000e+000  1.0608298e+000
  9.5600000e+000  7.8876495e-001
  9.5700000e+000  6.0124281e-001
  9.5800000e+000  8.0265964e-001
  9.5900000e+000  7.1008772e-001
  9.6000000e+000  4.8120354e-001
  9.6100000e+000  8.0800246e-001
  9.6200000e+000  6.7982798e-001
  9.6300000e+000  8.8363537e-001
  9.6400000e+000  1.0329647e+000
  9.6500000e+000  6.8442272e-001
  9.6600000e+000  7.8868125e-001
  9.6700000e+000  7.7649795e-001
  9.6800000e+000  4.8817081e-001
  9.6900000e+000  7.3800805e-001
  9.7000000e+000  6.2483295e-001
  9.7100000e+000  7.8195827e-001
  9.7200000e+000  6.5349667e-001
  9.7300000e+000  4.0091628e-001
  9.7400000e+000  6.0673877e-001
  9.7500000e+000  5.0902115e-001
  9.7600000e+000  8.0854753e-001
  9.7700000e+000  8.7643550e-001
  9.7800000e+000  3.1914178e-001
  9.7900000e+000  1.0918989e+000
  9.8000000e+000  7.2871890e-001
  9.8100000e+000  8.9440297e-001
  9.8200000e+000  5.6172422e-001
  9.8300000e+000  9.6469209e-001
  9.8400000e+000  6.2586701e-001
  9.8500000e+000  8.2415670e-001
  9.8600000e+000  1.1161602e+000
  9.8700000e+000  5.2782279e-001
  9.8800000e+000  7.5982020e-001
  9.8900000e+000  4.8115004e-001
  9.9000000e+000  5.3404870e-001
  9.9100000e+000  8.0351778e-001
  9.9200000e+000  7.3872956e-001
  9.9300000e+000  8.2335727e-001
  9.9400000e+000  5.2231721e-001
  9.9500000e+000  5.3238293e-001
  9.9600000e+000  6.6009061e-001
  9.9700000e+000  1.0096732e+000
  9.9800000e+000  8.9503047e-001
  9.9900000e+000  7.0333294e-001
  1.0000000e+001  9.8863824e-001
  1.0010000e+001  9.3103127e-001
  1.0020000e+001  7.1221366e-001
  1.0030000e+001  7.0665980e-001
  1.0040000e+001  5.2029345e-001
  1.0050000e+001  9.0188601e-001
  1.0060000e+001  9.5806674e-001
  1.0070000e+001  8.3862249e-001
  1.0080000e+001  9.6980491e-001
  1.0090000e+001  1.0400209e+000
  1.0100000e+001  1.0865136e+000
  1.0110000e+001  7.8461778e-001
  1.0120000e+001  6.7277236e-001
  1.0130000e+001  4.6207175e-001
  1.0140000e+001  7.6068858e-001
  1.0150000e+001  5.3236898e-001
  1.0160000e+001  5.0296888e-001
  1.0170000e+001  1.0649254e+000
  1.0180000e+001  8.4863289e-001
  1.0190000e+001  4.9103935e-001
  1.0200000e+001  5.9681338e-001
  1.0210000e+001  1.0401301e+000
  1.0220000e+001  9.8633475e-001
  1.0230000e+001  7.9520862e-001
  1.0240000e+001  7.2343726e-001
  1.0250000e+001  4.2172232e-001
  1.0260000e+001  7.3671253e-001
  1.0270000e+001  9.4728273e-001
  1.0280000e+001  9.5254846e-001
  1.0290000e+001  1.0488773e+000
  1.0300000e+001  8.9084750e-001
  1.0310000e+001  9.1813033e-001
  1.0320000e+001  5.2836924e-001
  1.0330000e+001  7.9098459e-001
  1.0340000e+001  8.4559202e-001
  1.0350000e+001  9.4617514e-001
  1.0360000e+001  7.8699656e-001
  1.0370000e+001  6.0803752e-001
  1.0380000e+001  7.9941055e-001
  1.0390000e+001  8.1120605e-001
  1.0400000e+001  9.5105106e-001
  1.0410000e+001  5.7377007e-001
  1.0420000e+001  9.7552109e-001
  1.0430000e+001  7.1283925e-001
  1.0440000e+001  4.9251253e-001
  1.0450000e+001  6.4530673e-001
  1.0460000e+001  1.0090870e+000
  1.0470000e+001  6.9139536e-001
  1.0480000e+001  5.8259478e-001
  1.0490000e+001  7.7879882e-001
  1.0500000e+001  5.0917998e-001
  1.0510000e+001  9.8484521e-001
  1.0520000e+001  9.7810391e-001
  1.0530000e+001  5.0759697e-001
  1.0540000e+001  1.1026028e+000
  1.0550000e+001  8.4593971e-001
  1.0560000e+001  7.2129251e-001
  1.0570000e+001  6.5579675e-001
  1.0580000e+001  4.6482196e-001
  1.0590000e+001  8.3099403e-001
  1.0600000e+001  5.0860179e-001
  1.0610000e+001  5.7903702e-001
  1.0620000e+001  4.9601505e-001
  1.0630000e+001  7.2514577e-001
  1.0640000e+001  7.6234956e-001
  1.0650000e+001  5.9574355e-001
  1.0660000e+001  9.2431721e-001
  1.0670000e+001  8.7794504e-001
  1.0680000e+001  6.9440669e-001
  1.0690000e+001  9.0732360e-001
  1.0700000e+001  1.1476534e+000
  1.0710000e+001  6.0269134e-001
  1.0720000e+001  7.0596835e-001
  1.0730000e+001  5.1442355e-001
  1.0740000e+001  1.0609048e+000
  1.0750000e+001  6.4512943e-001
  1.0760000e+001  8.4681910e-001
  1.0770000e+001  1.0065289e+000
  1.0780000e+001  8.3543499e-001
  1.0790000e+001  1.1407988e+000
  1.0800000e+001  6.0514264e-001
  1.0810000e+001  4.4453955e-001
  1.0820000e+001  7.6105195e-001
  1.0830000e+001  5.9097620e-001
  1.0840000e+001  8.7262508e-001
  1.0850000e+001  4.0031198e-001
  1.0860000e+001  8.6783729e-001
  1.0870000e+001  7.5962762e-001
  1.0880000e+001  7.9279948e-001
  1.0890000e+001  7.6568611e-001
  1.0900000e+001  9.3523493e-001
  1.0910000e+001  9.4664964e-001
  1.0920000e+001  8.4988614e-001
  1.0930000e+001  4.2489612e-001
  1.0940000e+001  1.1084842e+000
  1.0950000e+001  9.4411355e-001
  1.0960000e+001  7.4440409e-001
  1.0970000e+001  7.1543278e-001
  1.0980000e+001  8.8525723e-001
  1.0990000e+001  7.7102482e-001
  1.1000000e+001  1.1565105e+000
  1.1010000e+001  8.0211424e-001
  1.1020000e+001  8.8268989e-001
  1.1030000e+001  7.7455479e-001
  1.1040000e+001  6.6080247e-001
  1.1050000e+001  4.3742527e-001
  1.1060000e+001  5.2077921e-001
  1.1070000e+001  5.7768801e-001
  1.1080000e+001  4.9567731e-001
  1.1090000e+001  7.9819317e-001
  1.1100000e+001  6.3839002e-001
  1.1110000e+001  7.9766402e-001
  1.1120000e+001  5.7559666e-001
  1.1130000e+001  5.4043516e-001
  1.1140000e+001  5.4275600e-001
  1.1150000e+001  8.9444149e-001
  1.1160000e+001  1.0986572e+000
  1.1170000e+001  9.9799359e-001
  1.1180000e+001  9.6857267e-001
  1.1190000e+001  3.5628901e-001
  1.1200000e+001  5.6353437e-001
  1.1210000e+001  9.8968830e-001
  1.1220000e+001  4.3402838e-001
  1.1230000e+001  5.2673955e-001
  1.1240000e+001  3.5035551e-001
  1.1250000e+001  1.0759907e+000
  1.1260000e+001  5.1875357e-001
  1.1270000e+001  3.7566325e-001
  1.1280000e+001  1.0597366e+000
  1.1290000e+001  4.5789271e-001
  1.1300000e+001  7.4117307e-001
  1.1310000e+001  3.8630991e-001
  1.1320000e+001  6.9884706e-001
  1.1330000e+001  8.0883448e-001
  1.1340000e+001  5.5321307e-001
  1.1350000e+001  8.2507616e-001
  1.1360000e+001  1.0336376e+000
  1.1370000e+001  7.0678195e-001
  1.1380000e+001  7.5428005e-001
  1.1390000e+001  7.1835219e-001
  1.1400000e+001  5.6054190e-001
  1.1410000e+001  8.9978544e-001
  1.1420000e+001  6.1988324e-001
  1.1430000e+001  6.2759850e-001
  1.1440000e+001  1.0971979e+000
  1.1450000e+001  9.7603534e-001
  1.1460000e+001  1.0495377e+000
  1.1470000e+001  9.6505658e-001
  1.1480000e+001  6.3562029e-001
  1.1490000e+001  5.7172502e-001
  1.1500000e+001  7.9239454e-001
  1.1510000e+001  7.8269303e-001
  1.1520000e+001  5.8278389e-001
  1.1530000e+001  9.5312511e-001
  1.1540000e+001  4.8457128e-001
  1.1550000e+001  7.7953966e-001
  1.1560000e+001  6.7484365e-001
  1.1570000e+001  8.5776270e-001
  1.1580000e+001  7.1089578e-001
  1.1590000e+001  5.6242806e-001
  1.1600000e+001  8.7286440e-001
  1.1610000e+001  5.3069429e-001
  1.1620000e+001  1.0615603e+000
  1.1630000e+001  9.6335054e-001
  1.1640000e+001  6.7068033e-001
  1.1650000e+001  7.4402622e-001
  1.1660000e+001  8.4263567e-001
  1.1670000e+001  6.7874120e-001
  1.1680000e+001  5.3642568e-001
  1.1690000e+001  7.0080688e-001
  1.1700000e+001  1.0314294e+000
  1.1710000e+001  8.8958929e-001
  1.1720000e+001  1.0411241e+000
  1.1730000e+001  4.8373129e-001
  1.1740000e+001  7.5212829e-001
  1.1750000e+001  4.9051763e-001
  1.1760000e+001  1.2488208e-001
  1.1770000e+001  9.9446851e-001
  1.1780000e+001  8.0899589e-001
  1.1790000e+001  5.7403364e-001
  1.1800000e+001  8.5679188e-001
  1.1810000e+001  6.0279278e-001
  1.1820000e+001  6.7987567e-001
  1.1830000e+001  8.2033295e-001
  1.1840000e+001  1.1687635e+000
  1.1850000e+001  3.0646767e-001
  1.1860000e+001  5.4951107e-001
  1.1870000e+001  6.7405448e-001
  1.1880000e+001  7.2953983e-001
  1.1890000e+001  1.0114469e+000
  1.1900000e+001  7.0150980e-001
  1.1910000e+001  1.1276148e+000
  1.1920000e+001  8.6692687e-001
  1.1930000e+001  6.7621308e-001
  1.1940000e+001  5.1040081e-001
  1.1950000e+001  5.7380218e-001
  1.1960000e+001  8.8324007e-001
  1.1970000e+001  8.2864828e-001
  1.1980000e+001  5.6878510e-001
  1.1990000e+001  6.1919478e-001
  1.2000000e+001  5.3884694e-001
  1.2010000e+001  9.0481047e-001
  1.2020000e+001  9.2767177e-001
  1.2030000e+001  6.5764363e-001
  1.2040000e+001  1.2180375e+000
  1.2050000e+001  9.8087250e-001
  1.2060000e+001  7.2080568e-001
  1.2070000e+001  6.6600438e-001
  1.2080000e+001  9.5053917e-001
  1.2090000e+001  8.2346956e-001
  1.2100000e+001  5.8639127e-001
  1.2110000e+001  5.7954048e-001
  1.2120000e+001  8.3959007e-001
  1.2130000e+001  8.3746678e-001
  1.2140000e+001  5.9325354e-001
  1.2150000e+001  6.1393303e-001
  1.2160000e+001  5.5663681e-001
  1.2170000e+001  7.5506508e-001
  1.2180000e+001  6.4856156e-001
  1.2190000e+001  6.0030880e-001
  1.2200000e+001  9.9516882e-001
  1.2210000e+001  6.0549694e-001
  1.2220000e+001  7.6174153e-001
  1.2230000e+001  7.7771139e-001
  1.2240000e+001  6.7810791e-001
  1.2250000e+001  7.1160223e-001
  1.2260000e+001  7.7335795e-001
  1.2270000e+001  1.1863482e+000
  1.2280000e+001  9.6601259e-001
  1.2290000e+001  9.5324531e-001
  1.2300000e+001  8.9401494e-001
  1.2310000e+001  8.1078306e-001
  1.2320000e+001  7.4947946e-001
  1.2330000e+001  7.1823756e-001
  1.2340000e+001  9.9076273e-001
  1.2350000e+001  6.2046512e-001
  1.2360000e+001  6.9173692e-001
  1.2370000e+001  7.9079491e-001
  1.2380000e+001  6.1595169e-001
  1.2390000e+001  9.1962413e-001
  1.2400000e+001  7.5589216e-001
  1.2410000e+001  6.0322513e-001
  1.2420000e+001  9.9334837e-001
  1.2430000e+001  5.7798276e-001
  1.2440000e+001  1.0728250e+000
  1.2450000e+001  8.2871112e-001
  1.2460000e+001  7.8470261e-001
  1.2470000e+001  6.6958432e-001
  1.2480000e+001  5.3337089e-001
  1.2490000e+001  8.5053991e-001
  1.2500000e+001  6.0386103e-001
